;; Pump Prime AM Speeds
;; FType>>
;;ATtype
;;V    cen       frwy        maj         min         coll        expr        ramp
  1    15.00     32.29       16.20       13.68       13.03       27.52       15.19
  2    15.00     31.13       15.58       13.78       13.48       26.17       17.66
  3    20.00     40.35       23.19       20.15       16.38       30.34       24.95
  4    25.00     41.72       23.01       22.28       17.61       38.44       25.74
  5    30.00     49.15       29.13       27.10       18.12       39.13       34.09
  6    35.00     55.90       35.73       31.72       24.69       44.94       49.54
