;; Pump Prime Midday Speeds
;; FType>>
;;ATtype
;;V    cen       frwy        maj         min         coll        expr        ramp
  1    15.00     46.55       21.16       17.20       16.30       40.49       18.23
  2    15.00     45.19       20.43       17.20       16.17       37.96       18.68
  3    20.00     52.44       28.26       24.57       18.94       40.85       27.59
  4    25.00     53.56       30.07       27.13       20.80       43.35       27.82
  5    30.00     60.99       34.40       31.31       21.16       45.91       34.46
  6    35.00     63.90       40.70       37.08       27.58       51.47       49.68
